checkpoint-500: 0.03141630686905298
checkpoint-1000: 0.01742146775298367
checkpoint-1500: 0.013062094065049362
checkpoint-2000: 0.011661762169729535
checkpoint-2500: 0.00923655436536534
checkpoint-3000: 0.0077690142663293105
checkpoint-3500: 0.006058255329816167
checkpoint-4000: 0.006407432994567826
checkpoint-4500: 0.00608183305733767
checkpoint-5000: 0.006119731474901981
