checkpoint-1000: 0.11333396413802299
checkpoint-2000: 0.10168356424134037
checkpoint-3000: 0.09147008512725933
checkpoint-4000: 0.10103138654199655
checkpoint-5000: 0.08396573105897776
checkpoint-6000: 0.08070457971978257
checkpoint-7000: 0.0793117452918317
checkpoint-8000: 0.07379642725329535
checkpoint-9000: 0.073477627659124
checkpoint-10000: 0.0745978543501862
