checkpoint-500: 0.04092679687834562
checkpoint-1000: 0.017220684211381503
checkpoint-1500: 0.014137717874277516
checkpoint-2000: 0.011421457995145984
checkpoint-2500: 0.008730573888689966
checkpoint-3000: 0.008565049337805655
checkpoint-3500: 0.007181987810001187
checkpoint-4000: 0.007503194116312548
checkpoint-4500: 0.0067142877557783785
checkpoint-5000: 0.007165698311086312
